200 0.026679
400 0.191773
600 0.422193
800 1.486216
1000 1.96484
1200 3.575262
1400 5.101151
1600 11.811874
1800 10.884025
2000 15.261313
2200 19.950526
2400 26.433948
2600 35.921489
2800 41.142212
3000 51.174166
3200 92.643886
3400 72.208656
3600 85.733245
3800 101.194992
4000 117.388771
4200 138.347826
4400 156.311126
4600 180.700569
4800 208.955626
5000 242.645901
5200 273.816987
5400 310.491869
5600 347.983047
5800 379.092061
6000 437.1973
6200 481.475954
6400 765.794576
6600 581.446215
6800 607.142665
7000 698.304577
7200 818.043083
7400 850.463044
7600 895.01004
7800 901.273274
8000 1175.483906
8200 1439.847369
8400 1101.095598
8600 1167.240166
8800 1250.154279
9000 1336.460764
9200 1429.490886
9400 1527.996139
9600 1620.338882
9800 1725.19056
